1 0.799 0.789333333333 0.254 0.421333333333
1 0.307 0.576 0.154 0.309333333333
1 0.145 0.565333333333 0.122 0.517333333333
1 0.382 0.556 0.116 0.296
1 0.692 0.665333333333 0.212 0.397333333333
1 0.649 0.533333333333 0.146 0.202666666667
1 0.649 0.461333333333 0.05 0.16
1 0.418 0.462666666667 0.068 0.157333333333
1 0.618 0.481333333333 0.052 0.173333333333
1 0.404 0.362666666667 0.06 0.101333333333
1 0.612 0.38 0.036 0.0453333333333
1 0.592 0.401333333333 0.036 0.130666666667
1 0.564 0.376 0.02 0.0906666666667
1 0.466 0.384 0.02 0.0426666666667
1 0.443 0.378666666667 0.034 0.032
1 0.353 0.766666666667 0.302 0.466666666667
