1 0.215 0.813172043011 0.126 0.352150537634
1 0.351 0.688172043011 0.09 0.139784946237
1 0.413 0.823924731183 0.174 0.352150537634
1 0.453 0.665322580645 0.046 0.0779569892473
1 0.514 0.763440860215 0.108 0.258064516129
1 0.578 0.596774193548 0.048 0.118279569892
1 0.565 0.711021505376 0.098 0.30376344086
1 0.632 0.694892473118 0.06 0.287634408602
1 0.703 0.694892473118 0.094 0.27688172043
1 0.986 0.477150537634 0.028 0.0833333333333
1 0.805 0.584677419355 0.046 0.0510752688172
1 0.768 0.633064516129 0.072 0.153225806452
1 0.838 0.627688172043 0.06 0.120967741935
1 0.954 0.561827956989 0.06 0.0806451612903
1 0.962 0.608870967742 0.076 0.126344086022
1 0.939 0.623655913978 0.106 0.123655913978
