1 0.296 0.555384615385 0.064 0.230769230769
1 0.344 0.561538461538 0.072 0.286153846154
1 0.403 0.56 0.082 0.270769230769
1 0.459 0.556923076923 0.074 0.289230769231
1 0.516 0.546153846154 0.08 0.28
1 0.573 0.535384615385 0.062 0.276923076923
1 0.621 0.553846153846 0.102 0.295384615385
1 0.734 0.66 0.14 0.636923076923
1 0.646 0.790769230769 0.132 0.326153846154
1 0.563 0.758461538462 0.134 0.341538461538
1 0.474 0.761538461538 0.12 0.323076923077
1 0.417 0.769230769231 0.082 0.289230769231
1 0.353 0.766153846154 0.102 0.301538461538
1 0.308 0.763076923077 0.068 0.289230769231
1 0.238 0.786153846154 0.116 0.316923076923
1 0.225 0.664615384615 0.114 0.516923076923
1 0.839 0.0723076923077 0.018 0.0646153846154
1 0.992 0.578461538462 0.016 0.135384615385
