1 0.714 0.690666666667 0.356 0.618666666667
1 0.654 0.609333333333 0.216 0.306666666667
1 0.637 0.618666666667 0.198 0.384
1 0.583 0.510666666667 0.126 0.264
1 0.508 0.493333333333 0.08 0.165333333333
1 0.388 0.492 0.156 0.2
1 0.267 0.508 0.118 0.216
1 0.339 0.369333333333 0.182 0.205333333333
1 0.415 0.378666666667 0.126 0.288
1 0.528 0.370666666667 0.336 0.304
1 0.641 0.361333333333 0.158 0.237333333333
1 0.133 0.372 0.214 0.328
1 0.185 0.558666666667 0.15 0.290666666667
1 0.098 0.625333333333 0.192 0.408
